1 0.38069444444444445 0.3921428571428571 0.08678571428571429 0.09976190476190476
1 0.5566369047619047 0.38386243386243385 0.12865079365079365 0.16256613756613758
1 0.7710416666666667 0.3552910052910053 0.16063492063492063 0.19472222222222224
1 0.8845337301587302 0.4810714285714286 0.1445734126984127 0.13873015873015873
2 0.04089285714285714 0.7692724867724868 0.07682539682539682 0.14305555555555557
2 0.26549603174603176 0.42291005291005296 0.0845734126984127 0.16461640211640213
2 0.31123015873015875 0.31515873015873014 0.056994047619047625 0.07806878306878308
2 0.6318452380952381 0.49537037037037035 0.04344246031746032 0.054907407407407405
2 0.7050099206349206 0.6455952380952381 0.07321428571428572 0.12386243386243387
2 0.7481944444444444 0.5709656084656084 0.028125 0.03742063492063492
2 0.7862996031746032 0.6414682539682539 0.049791666666666665 0.06931216931216931